Language: Chinese
Gold:     /users/sama/Artificial-Intelligence-PJ/PJ2/NER/Chinese/validation.txt
Pred:     outputs/chinese_bonus/val_pred.txt

              precision    recall  f1-score   support

      B-NAME     1.0000    0.9902    0.9951       102
      M-NAME     0.9737    0.9867    0.9801        75
      E-NAME     0.9901    0.9804    0.9852       102
      S-NAME     1.0000    1.0000    1.0000         8
      B-CONT     1.0000    0.9697    0.9846        33
      M-CONT     1.0000    0.9688    0.9841        64
      E-CONT     1.0000    0.9697    0.9846        33
      S-CONT     0.0000    0.0000    0.0000         0
       B-EDU     0.9905    0.9811    0.9858       106
       M-EDU     1.0000    1.0000    1.0000       177
       E-EDU     0.9905    0.9811    0.9858       106
       S-EDU     0.0000    0.0000    0.0000         0
     B-TITLE     0.9369    0.9260    0.9314       689
     M-TITLE     0.9187    0.9249    0.9218      1479
     E-TITLE     0.9941    0.9826    0.9883       689
     S-TITLE     0.0000    0.0000    0.0000         0
       B-ORG     0.9706    0.9483    0.9593       522
       M-ORG     0.9517    0.9674    0.9595      3622
       E-ORG     0.9314    0.9100    0.9205       522
       S-ORG     0.0000    0.0000    0.0000         0
      B-RACE     1.0000    1.0000    1.0000        14
      M-RACE     0.0000    0.0000    0.0000         0
      E-RACE     1.0000    1.0000    1.0000        14
      S-RACE     0.0000    0.0000    0.0000         1
       B-PRO     0.8571    1.0000    0.9231        18
       M-PRO     0.8049    1.0000    0.8919        33
       E-PRO     0.8571    1.0000    0.9231        18
       S-PRO     0.0000    0.0000    0.0000         0
       B-LOC     1.0000    1.0000    1.0000         2
       M-LOC     1.0000    1.0000    1.0000         6
       E-LOC     1.0000    1.0000    1.0000         2
       S-LOC     0.0000    0.0000    0.0000         0

   micro avg     0.9510    0.9551    0.9530      8437
   macro avg     0.7240    0.7340    0.7283      8437
weighted avg     0.9512    0.9551    0.9530      8437

