Language: Chinese
Gold:     /users/sama/Artificial-Intelligence-PJ/PJ2/NER/Chinese/validation.txt
Pred:     outputs/chinese/val_pred.txt

              precision    recall  f1-score   support

      B-NAME     1.0000    0.9902    0.9951       102
      M-NAME     0.9737    0.9867    0.9801        75
      E-NAME     0.9901    0.9804    0.9852       102
      S-NAME     1.0000    1.0000    1.0000         8
      B-CONT     1.0000    1.0000    1.0000        33
      M-CONT     1.0000    1.0000    1.0000        64
      E-CONT     1.0000    1.0000    1.0000        33
      S-CONT     0.0000    0.0000    0.0000         0
       B-EDU     0.9905    0.9811    0.9858       106
       M-EDU     1.0000    1.0000    1.0000       177
       E-EDU     0.9905    0.9811    0.9858       106
       S-EDU     0.0000    0.0000    0.0000         0
     B-TITLE     0.9382    0.9260    0.9321       689
     M-TITLE     0.9137    0.9310    0.9223      1479
     E-TITLE     0.9956    0.9826    0.9890       689
     S-TITLE     0.0000    0.0000    0.0000         0
       B-ORG     0.9685    0.9425    0.9553       522
       M-ORG     0.9548    0.9630    0.9589      3622
       E-ORG     0.9291    0.9042    0.9165       522
       S-ORG     0.0000    0.0000    0.0000         0
      B-RACE     1.0000    1.0000    1.0000        14
      M-RACE     0.0000    0.0000    0.0000         0
      E-RACE     1.0000    1.0000    1.0000        14
      S-RACE     0.0000    0.0000    0.0000         1
       B-PRO     0.8095    0.9444    0.8718        18
       M-PRO     0.7021    1.0000    0.8250        33
       E-PRO     0.8571    1.0000    0.9231        18
       S-PRO     0.0000    0.0000    0.0000         0
       B-LOC     1.0000    1.0000    1.0000         2
       M-LOC     1.0000    1.0000    1.0000         6
       E-LOC     1.0000    1.0000    1.0000         2
       S-LOC     0.0000    0.0000    0.0000         0

   micro avg     0.9506    0.9539    0.9523      8437
   macro avg     0.7192    0.7348    0.7258      8437
weighted avg     0.9512    0.9539    0.9524      8437

